[gd_scene load_steps=11 format=3 uid="uid://cuc3r25pwe5cw"]

[ext_resource type="PackedScene" uid="uid://bnm1e24egyitl" path="res://Elements/ilha_grama.tscn" id="1_fj7yv"]
[ext_resource type="PackedScene" uid="uid://c8x6fasy7667j" path="res://Elements/palmeira.tscn" id="2_tlwt5"]
[ext_resource type="PackedScene" uid="uid://c4u3k7678nafq" path="res://Elements/barco.tscn" id="2_wse8f"]
[ext_resource type="PackedScene" uid="uid://dea1l84r4harq" path="res://Elements/pedra.tscn" id="4_ic0uy"]
[ext_resource type="PackedScene" uid="uid://j7qdmxq574sf" path="res://Elements/madeira.tscn" id="9_2u3nc"]
[ext_resource type="PackedScene" uid="uid://2643qo3vwxmy" path="res://Elements/navil.tscn" id="10_udxuc"]
[ext_resource type="PackedScene" uid="uid://c5pujp05bfwtb" path="res://Actors/player.tscn" id="11_ic0uy"]

[sub_resource type="ProceduralSkyMaterial" id="ProceduralSkyMaterial_wse8f"]
sky_top_color = Color(4.813075e-07, 0.48347974, 0.68961006, 1)
sky_horizon_color = Color(0.7441135, 0.63943565, 0.4544068, 1)
sky_curve = 0.03
ground_bottom_color = Color(0.11349497, 3.85046e-06, 0.52871215, 1)
ground_horizon_color = Color(0.21073103, 0.5472758, 0.8676171, 1)
ground_curve = 0.3
energy_multiplier = 2.0

[sub_resource type="Sky" id="Sky_ic0uy"]
sky_material = SubResource("ProceduralSkyMaterial_wse8f")

[sub_resource type="Environment" id="Environment_k3n1d"]
background_mode = 2
sky = SubResource("Sky_ic0uy")

[node name="World" type="Node3D"]

[node name="Palmeira2" parent="." instance=ExtResource("2_tlwt5")]
transform = Transform3D(0.9597567, 0, -0.2808343, 0, 1, 0, 0.2808343, 0, 0.9597567, 7.13056, 3.0126543, 8.152264)

[node name="DirectionalLight3D" type="DirectionalLight3D" parent="."]
transform = Transform3D(0.007764065, -0.5920553, 0.80585986, 0.0057038995, 0.8058973, 0.59202796, -0.9999535, -1.9845578e-10, 0.009634064, 25.498518, 11.865504, 13.472359)
light_color = Color(1, 1, 0.6901961, 1)
light_energy = 1.5
light_specular = 0.5
shadow_enabled = true
shadow_bias = 0.0
shadow_normal_bias = 10.0
shadow_opacity = 0.5

[node name="WorldEnvironment" type="WorldEnvironment" parent="."]
environment = SubResource("Environment_k3n1d")

[node name="Ilha_Grama" parent="." instance=ExtResource("1_fj7yv")]
transform = Transform3D(10, 0, 0, 0, 10, 0, 0, 0, 10, -0.17540789, 0, -0.110528946)

[node name="Palmeira" parent="." instance=ExtResource("2_tlwt5")]
transform = Transform3D(1, 0, 0, 0, 1, 0, 0, 0, 1, 5.804507, 2.2813604, -10.717201)

[node name="Palmeira3" parent="." instance=ExtResource("2_tlwt5")]
transform = Transform3D(1, 0, 0, 0, 1, 0, 0, 0, 1, 11.609014, 2.525125, -3.6670265)

[node name="Palmeira4" parent="." instance=ExtResource("2_tlwt5")]
transform = Transform3D(-0.9975335, 0, 0.070191704, 0, 1, 0, -0.070191704, 0, -0.9975335, -6.1606207, 2.7688897, 3.3831482)

[node name="Pedra" parent="." instance=ExtResource("4_ic0uy")]
transform = Transform3D(1, 0, 0, 0, 1, 0, 0, 0, 1, -11.3296, 2.5351958, 11.122688)

[node name="Barco" parent="." instance=ExtResource("2_wse8f")]
transform = Transform3D(1, 0, 0, 0, 1, 0, 0, 0, 1, 12.470609, 0, 17.355433)

[node name="ship-small2" parent="." instance=ExtResource("10_udxuc")]
transform = Transform3D(1, 0, 0, 0, 1, 0, 0, 0, 1, -30.54132, 0, 11.254036)

[node name="Madeira" parent="." instance=ExtResource("9_2u3nc")]
transform = Transform3D(1, 0, 0, 0, 1, 0, 0, 0, 1, -3.0371635, 2.4602003, 6.281847)

[node name="Player" parent="." instance=ExtResource("11_ic0uy")]
transform = Transform3D(1, 0, 0, 0, 1, 0, 0, 0, 1, 1.9407253, 3.5605125, 6.4004555)
